1

180285.63
2.0000
1.0000
1.0000
1.3000
1.6000
1.5000
1.2000
1.1000
1.9000
1.1000
1.7000
1.8000
2.0000
1.6000
1.6000
1.3000
0.8000
1.4000
1.2000
1.3000
0.9000
1.5000
1.2000
1.3000
1.2000
1.5000
2.0000
1.1000
0.9000
1.2000
1.7000
1.6000
2.9000
1.7000
1.0000
1.4000
1.5000
1.0000
1.2000
0.8000
2.1000
1.6000
1.8000
1.2000
2.1000
1.5000
1.8000
1.5000
1.4000
1.3000
1.1000
1.3000
1.7000
1.5000
1.4000
1.6000
1.4000
2.1000
1.3000
1.7000
1.4000
1.3000
1.2000
0.8000
1.0000
1.6000
0.9000
1.4000
1.8000
1.2000
90
P  1                 78 DQ
P  2*                51 60 18 39
P  3                 84 DQ
P  4                 92 69 62 65
P  5*                32 50 36 63
P  6                 67 81 54 45
P  7                 29 27 72 91
P  8                 52 26 99 98
P  9*                27 26 DQ
P 10                 81 15 88 62
P 11                 79 87 82 97
P 12*                75 22 42 51
P 13                 29 93 92 48
P 14                 83 93 54 48
P 15                 46 53 74 85
P 16                 62 40 92 64
P 17                 10 57 57 80
P 18*                27 40 16 88
P 19                 75 34 79 48
P 20*                DQ
P 21                 25 14 56 47
P 22                 17 51 10 83
P 23                 11 12 80 98
P 24*                48 DQ
P 25                 45 19 94 DQ
P 26*                34 56 70 24
P 27                 89 93 36 64
P 28*                24 85 39 63
P 29*                DQ
P 30                 56 87 89 19
P 31                 24 28 51 19
P 32                 96 12 28 60
P 33                 61 51 79 49
P 34*                64 71 13 DQ
P 35                 71 96 85 43
P 36                 61 36 60 99
P 37                 78 50 21 85
P 38                 DQ
P 39*                86 36 34 30
P 40*                DQ
P 41                 83 80 99 58
P 42                 DQ
P 43                 32 21 69 12
P 44                 88 99 33 15
P 45                 36 41 73 DQ
P 46*                48 74 35 58
P 47                 DQ
P 48                 12 79 50 37
P 49                 94 26 DQ
P 50*                57 48 86 19
P 51*                97 33 72 64
P 52                 95 94 30 94
P 53                 72 99 55 29
P 54                 68 DQ
P 55                 97 66 11 70
P 56                 28 DQ
P 57                 51 10 82 25
P 58                 70 35 15 61
P 59                 20 17 89 49
P 60*                67 35 50 74
P 61*                46 39 68 78
P 62                 33 DQ
P 63*                52 43 DQ
P 64                 31 37 51 62
P 65                 36 87 18 77
P 66                 17 68 89 66
P 67                 99 22 45 60
P 68*                23 20 36 39
P 69                 18 82 58 20
P 70                 37 75 69 88
P 71                 15 20 28 DQ
P 72                 DQ
P 73                 62 34 DQ
P 74*                74 61 24 74
P 75                 50 58 DQ
P 76*                95 55 67 13
P 77                 83 89 73 39
P 78*                90 91 21 54
P 79                 64 75 61 17
P 80                 35 85 67 93
P 81                 45 24 56 13
P 82                 39 47 11 DQ
P 83                 11 DQ
P 84*                56 66 98 29
P 85                 43 42 62 DQ
P 86*                43 57 DQ
P 87                 44 63 45 67
P 88                 24 25 32 66
P 89*                54 DQ
P 90                 80 86 28 56